0.211205312666501
0.26156115586379
0.230033426623666
0.5787328120324
0.0685231289124575
0.183192450073634
0.00527572134505963
0.031219518866353
0.326555937529029
0.058170191863363
0.225461726568527
0.308526013055992
0.272174115461847
0.444358431142648
0.277466879481659
0.209665145915488
0.108923743011733
0.12775170659724
0.248885702581037
0.0982232178044998
0.107881687468293
0.00825525109426151
0.143848997000188
0.103668972467252
0.0569237378651124
0.0707615099056744
0.027972230625619
0.0511020958025735
0.285849171977401
0.191461075540248
0.0657362497674267
0.280137843554665
0.522996521176738
0.109722116643591
0.0620920964366852
0.174688095116439
0.0853824643345702
0.0959199910960225
0.0811998321394009
0.0156492923171401
0.00890295469788224
0.00195412618777831
0.602067925694865
0.0440872244601883
0.228990012341062
0.298955777651981
0.0642091362730462
0.105839770775882
0.0157137031960956
0.0102584791786016
0.0723828749889817
0.0151827618832027
0.0022662782822446
0.309994335693207
0.204550234221749
0.19364693883529
0.0150444080199008
0.123701347809092
0.0499828391808057
0.0129075294511899
0.00815496822432215
0.0607077787863451
0.472110642254641
0.0408508380282462
0.370605296539975
0.128895922447173
0.0962931438641691
0.0747680172385136
0.256819052172876
0.378158311357607
0.324353857152671
0.0389336547920401
0.290545999302392
0.103115656979898
0.242715365098666
0.376233980179322
0.19065985311594
0.207636061855045
0.169645951874956
0.236799560136472
0.0544761461877095
0.0813663133615739
0.119727863411196
0.0109408720839147
0.158973862861525
0.0336282685316983
0.0126854380100387
0.0370101864322064
0.0212417762642666
0.0967843153653105
0.0151308792813134
0.00263370128311838
0.0891656718613854
0.00194278916461976
0.0931561417050224
0.05594012013348
0.00398070229092204
0.0980189186738564
0.0626334071656392
0.0184505318759927
0.186886737983857
0.0629980516106287
0.132256460637426
0.000377489890836494
0.0358641562145412
0.171896857641575
0.663047710879894
0.0311260730685697
0.159920428780273
0.189691967896794
0.245185018764353
0.133494305383387
0.0516907317347643
0.396829088302434
0.177971883664533
0.000790156617450279
0.0374246000819767
0.012533006228189
0.0442106171489768
0.0447884626716273
0.256596445307837
0.0424895940801385
0.395385169357854
0.0240722815272371
0.0500655793547812
0.0200980101687646
0.0554386978622146
0.207434941192878
0.0181773906589595
0.168081597035716
0.0351010502592569
0.0495839399762354
0.225832153878484
0.0110772385897482
0.0956161878939947
0.0636394569511253
0.210768177861946
0.0437449794411783
0.286388756175164
0.134930163530908
0.050758344304173
0.10822087968721
0.195917347488065
0.00199556107554601
0.187249453704748
0.142529501871226
0.141444841038541
0.0500417591034136
0.000327848966552217
0.166228603149052
0.266415310020212
0.0210618413684048
0.00411311928429269
0.457711565455805
0.0845613417402552
0.0869579964328308
0.0694504423209612
0.0773810505979718
0.00690686919340201
0.0593289826664656
0.047081798942411
0.104847953078415
0.232216279679201
0.0905462046445635
0.356890773883078
0.204228446087082
0.148309730740324
0.354031606559484
0.168203601101475
0.113044012497805
0.0112041225105479
0.362187239909864
0.201533756159953
0.0195265743457433
0.100374160971551
0.193732089985432
0.158250588600863
0.00990274073564256
0.413859786160351
0.113015050560407
0.197540593729206
0.101057841127807
0.188634117791146
0.00844999965143202
0.153924472651081
0.0955812723111101
0.153509911116171
0.235576831199812
0.0192746536344838
0.316960299833167
0.065336357780451
0.331112389246042
0.241898007936212
0.0427987668803658
0.191014815009461
0.217726999599856
0.189786416302343
0.0427354657896156
0.255904766304273
0.0337501858292269
0.328864155529117
0.168557673655166
0.0194798862689293
0.00912753296051985
0.265231464661304
0.12701363624951
0.381205022220656
0.171907110368836
0.066222845377772
0.0993699596244758
0.422697743930004
0.496860782511183
0.0807184014150323
0.02113756003733
0.151982778649392
0.0846016962529532
0.0698668498718504
0.214948067147471
0.1021822017814
0.0726361153637996
0.0364626009374397
0.0566794610239712
0.00841455540312146
0.00430248061889417
0.0985079380926779
0.211831190187334
0.309410988328897
0.118095406128241
0.00257133358111904
0.280721961434403
0.00838177917216567
0.117300165806053
0.0592621565433227
0.297613452821483
0.011075635102207
0.131792762520947
0.110742177021276
0.438251131039535
0.575863281599921
0.29836837036744
0.176912653430793
0.169955347632305
0.00247806394586603
0.0457211566839958
0.0246011939577637
0.00869701564528033
0.106219893718791
0.0318411607983162
0.0655506257184683
0.00972428826866601
0.0865314856633169
0.0729805815244211
0.0249696307766277
0.410014968092942
0.322546328592107
0.0109125213451474
0.0647574984491572
0.318361313032803
0.00417937843623097
0.0469305683591835
0.0555233384511615
0.317313177837326
0.339021087627292
0.302141928041289
0.224397872783145
0.000171236565688392
0.542387177871908
0.303238809176757
0.0889227410935185
0.102254908984616
0.253034410831067
0.456569882100429
0.253538111950285
0.00841402909907881
0.0722900535289474
0.011427319647597
0.188056073639226
0.00639446972127478
0.356870486213087
0.118179713086374
0.0152997177764055
0.001148455421432
0.365996225357985
0.253711906957918
0.0247218130568789
0.389229042429206
0.0506118260963142
0.0648463822156188
0.313245860936176
0.0364627727202488
0.589465979277581
0.151116537403988
0.0457983580035341
0.0535364386719719
0.107798501358111
0.0756358518656234
0.04483073229803
0.0714085414683871
0.195359362108833
0.257014024495634
0.0947343601705194
0.127331925449836
0.119495060984483
0.0135739580818288
0.0302984673078647
0.0836127334695845
0.0327719890136791
0.346519579218799
0.283275947504363
0.00586621003806475
0.0641542002178181
0.138538878350954
0.0125692040854385
0.0579623376295388
0.121585127707309
0.0793029579672773
0.0173247502284251
0.117974832768048
0.00897186397698136
0.0288875595639479
0.305771378515417
0.0912438882315494
0.00442299050094086
0.404083349380304
0.0608744832640719
0.105844377267675
0.0646666846233458
0.120019068633942
0.0152618601042866
0.121188532842552
0.149781793071143
0.418853092495114
0.19451953750699
0.10215246055214
0.289309971350538
0.0290002529276266
0.0074313282198484
0.0578130153086554
0.092183920085114
0.516094269070454
0.000516359123666178
0.109831392598548
0.016451087888546
0.220601236633758
0.182639541964966
0.0278100077241243
0.289980528924662
0.00764167886272482
0.0861198496402634
0.102582771572118
0.0183200491083835
0.205624590288472
0.137738857459299
0.174301039899658
0.00276389167167035
0.257255038828949
0.0390879143576381
0.371665822484613
0.405382460192324
0.262550409757431
0.0815328160927196
0.046186418627102
0.0561347270820677
0.000262071227803118
0.0485546105120174
0.31467291800582
0.388117072034138
0.344767032389456
0.0174504675747781
0.269080217838626
0.0259026486559937
0.0313554899941547
0.0347525331175273
0.0675627130455255
0.208481832158197
0.289689923416488
0.142746129027615
0.636898338567969
0.119872050208853
0.000488444623215042
0.000683744059985923
0.0733065473115092
0.0584541898148593
0.0942605181489894
0.346851592466
0.00806114263695937
0.0115513759765575
0.193329032690256
0.0634402978234175
0.0720211328962033
0.37198096868753
0.0043792984592378
0.0186353295166771
0.254758109553272
0.0139207073914245
0.63005087102953
0.126209452142109
0.0799299501613639
0.107668515576009
0.0639823317753555
0.0500942449797507
0.0312624360496611
0.0677277577470451
0.549607814085584
0.00247188398919454
0.0431709461936963
0.0639872438544304
0.0716243230541894
0.0410388086764868
0.000275915895795041
0.129178777210655
0.0126337419333764
0.180250483774061
0.223492146689738
0.123812386098267
0.245333045500385
0.0619880750183489
0.260019517900677
0.2721775026771
0.240928843504993
0.0382077773218471
0.177386734920491
0.116497048275516
0.126277576105861
0.0112889488496825
0.125364156135426
0.0754229189108187
0.018140784030373
0.119960386639034
0.0585287943210123
0.47387273784837
0.137063253945326
0.243951547975533
0.122753098155888
0.00064967572856154
0.00893423689852205
0.109409835710739
0.0833839384492985
0.000100000048436173
0.0259120501217508
0.00513819670184925
0.266265790160791
0.203470918766915
0.131852522293442
0.219902698349308
0.0883649172360113
0.00165009682035801
0.262603222827881
0.351875040970809
0.10758011306005
0.222380684279962
0.378600443995367
0.00894783323605431
0.00965226908579018
0.0818108883695188
0.186295687345958
0.0603864711520666
0.100797341350834
0.0640791968664406
0.201602251047366
0.319938442667461
0.155920555367965
0.350347328868359
0.203942584498676
0.186752231646615
0.107890815475218
0.257407878850934
0.366909752155003
0.0264960663389648
0.205255327576825
0.042021160687504
0.0105881319939076
0.152070682228543
0.0324762049595752
0.163433165439198
0.101652839026845
0.00270843089412003
0.0693627037928021
0.103050917224367
0.0500058122726702
0.0537538880221943
0.0198482135084402
0.0805059501932875
0.236959249751877
0.0170604568254171
0.186546493646133
0.0946543626073663
0.144646192863119
0.0833316103145691
0.00382358642173684
0.231095683032842
0.273008907510389
0.0410281618693178
0.018666784152287
0.0864908572360001
0.381363864717644
0.0872414088131432
0.0591573365321338
0.148332465024642
0.262244244293357
0.000435705532233694
0.0456108967305346
0.0346037906666293
0.24859680940999
0.459383604348315
0.311829497853937
0.243988051070703
0.459853810254013
0.318671696287635
0.00514755897001565
0.103636705774204
0.260797294409146
0.333020372046459
0.0113621508015093
0.00399255764784665
0.0255243713898045
0.0618215610499169
0.333878305923428
0.000812149630454282
0.103365876811026
0.00942200042146719
0.184996572261171
0.000197421469295119
0.401632239607278
0.0365067159345133
0.500214423233366
0.0100741825995811
0.385375526838428
0.0228735173438756
0.529449330150675
0.0431290626273055
0.00950628929741553
0.000962860473764689
0.0530611668957166
0.000941391761081398
0.0489175493301643
0.0497043855824639
0.0383318576192308
0.135565031432564
0.00400364633870376
0.0103513915964527
0.160986384650286
0.00310759393097233
0.291484347547038
0.239276724870524
0.0206723243584159
0.132050829230435
0.153248788093819
0.00105762990240419
0.102832724898517
0.25223348874406
0.1032539868587
0.0263895845315228
0.0128219334964919
0.251517222255066
0.0860736901645811
0.0027684864069636
0.15998111605105
0.471841522802656
0.168903570722699
0.412990155673608
0.315195548813452
0.000776513020486106
0.00713058702902468
0.195321744409709
0.191759659297087
0.0308029761115308
0.00618839930558266
0.287635585705938
0.001393584410609
0.00276858127845573
0.331427201097596
0.181843677729028
0.0534402976720192
0.0592362777026976
4.98082198106103e-07
0.0153138838993397
0.0329326620625112
0.0266379561165435
0.000205891044270849
0.136735809399104
0.0386128391416897
0.187340734798476
0.240501325029574
0.0821677696322615
0.013856670916026
0.106651782656726
4.21978426157024e-05
0.293755896479731
0.0276290468716094
0.0716199079436306
0.0942405770744351
0.0507039386139918
0.191715147370699
0.191162544283653
0.318563641431571
0.0365208407956043
0.0822154269529956
0.184542816411157
0.0144105831415991
